165.35682237787069
175.1888553477688
171.93770754445416
171.83356043364316
171.52634690626348
170.32145082810413
168.06912630380327
166.7651929205004
168.602037865629
167.82432429244227
169.2410113779252
168.9579848783171
165.58928581586636
165.22952092037485
171.02155344064357
167.23982467470293
167.74084699341853
172.47313114914112
164.13742757342666
165.2159682800998
162.68729358389658
164.67982314189962
164.8638987666592
165.59541971048935
165.4014759139044
165.4793441440459
164.07470462371396
165.64245359293784
171.45396497274677
164.15077113435737
163.3997093136169
162.18162165872306
162.51395887260946
166.97469481199667
163.75671270242066
166.87564366786614
164.5555459298613
161.55030809548228
165.68963854124368
161.3498057335588
166.73805608964912
164.39256094878306
164.97819753245827
161.77782541802694
166.99352656535694
167.31551426346485
165.66420015123407
160.95988627884836
167.25886226634267
164.6447642855711
167.96566482397648
158.4423151924568
162.65414082773592
162.24841477035997
165.27694954570237
166.31560128395452
161.7259327910216
163.90784778916316
160.3199638531794
159.95843152851532
158.2636412146763
158.1042361640592
162.1808902524081
151.406779259759
160.8520086903646
159.33805803760916
160.61128158828544
156.69511041074293
153.88174345181642
162.14200097408002
163.10500166719854
160.88883835151955
161.19974065452487
161.16083963521936
157.31622887176172
158.36004468520346
158.72324831607816
158.62692353308427
162.5473206571374
160.23802827676278
159.11333361986132
161.16919917664498
164.978305026232
160.06728803349088
157.88258818248391
158.78092195952019
159.45431752894976
160.25742603344105
159.34148895243095
157.57993224217944
160.75608362527072
158.592950357516
159.61069563190287
160.88987337903947
157.997494237543
156.74443719316665
157.31678962673794
152.40780760372934
162.65590624911152
155.49485745504592
157.52880062780613
157.45093628857387
155.67966640314793
158.31683552762857
155.72128762081465
152.94375379692096
153.89049404734357
154.25525934008394
157.44383483880458
152.38087456486576
156.20345709882199
150.67195732014738
153.51768718571677
151.13942730403198
153.75857246070353
159.48517247701315
155.8090585953579
153.134830439909
150.46409701538454
153.71683526786256
