267.5741178374868
247.01477532027678
258.12483815377607
263.80426315845136
268.89212037503074
250.609241888565
264.956339845675
253.84298420793104
262.1951231611518
275.48706783464826
274.7446531049256
276.1096666149422
268.16352687943845
263.35006685342876
280.925054550768
284.7951397664641
278.58836638101366
275.1203574028668
288.52079734700726
278.00656751937686
292.6363806105582
290.3582475088278
274.88838661751896
291.5288544683453
278.2021226551855
283.4217019821825
281.9204227619806
287.1126859112367
294.4602694403877
286.75057557100155
298.35272231760234
285.01305296804816
282.3976376519283
282.75854842781274
273.5304920985766
282.70727211675353
283.6577693566699
277.29747144852234
296.80582174627756
281.6292113677493
283.27595470205455
273.60102199475625
292.88527225487775
284.2987578806133
284.5877329968688
278.4042169907157
285.07613155953396
294.46976972666374
285.4179187042647
291.07759246044293
301.74440291565776
288.45607637734776
294.44412057156285
309.0589898576295
299.0794173091278
297.0108815098238
305.6513314807515
290.78995295703237
306.19748108944526
310.7479539760556
295.58318804853985
305.28294292142306
291.681126573381
319.30896859823633
290.4921993716198
305.2936893687642
305.81902573612854
316.6623954802565
300.9952298502491
303.8484375457286
307.89021341391305
298.03573519148364
306.83580453005146
303.6766475508582
318.5164929039066
318.73632209318015
308.65224394584425
309.8449395254699
308.16152888120956
317.77643449402564
322.4354337743561
312.7627272408148
320.6706294454346
316.7138948678587
316.73097403664656
320.2153756298817
304.0854510266357
319.9906535686532
328.94761388035073
319.23315128159635
319.1281086814584
318.6876814926031
322.70550761315826
316.89383129142675
327.5109571154727
322.453242107892
317.10629657849904
329.1555664519208
314.9837649608824
327.0266670633634
323.7444838597571
315.32518734505527
333.5676849554277
327.000315569963
324.8677984577681
339.3476886127946
328.44200788459796
321.66613302200585
331.1611906872848
329.0351625737016
328.5313460095043
342.2729271387484
326.18689180035614
333.3261141659319
330.7812492781446
321.1836529877809
328.6061531041287
340.65109681729183
341.04302947024445
335.83672151991414
