216.615233893602
214.39620491307366
217.45837879998334
213.74762306815734
216.77861424932817
221.15839499145952
217.96625845988396
214.6704718855237
214.43138953997223
213.60914574475174
211.50794781019474
212.18190781892147
214.44285466464905
209.72659764609523
215.2542973726355
216.45350967457833
209.45202902076704
217.75507537664478
208.9547226699502
214.61989296805976
211.99994042620787
208.49825095496055
212.77302748635918
209.82258347047096
212.22472765429794
214.90434329878045
209.465138031223
210.3845525660966
211.012221319252
205.983347757945
206.38580145705876
209.63139655025194
215.19926129519473
211.24621519705488
212.39325940905937
209.51395250058164
206.037179298658
207.71319683860284
215.6262547427767
212.6717283284421
207.22130096979947
214.4591563474964
209.64733511005818
208.78003112314795
208.1633925591162
210.38270353010256
203.27680931084328
209.2176460275163
208.45185492061702
210.31202088175783
208.0466751620645
204.61385630022264
209.61946725405153
209.69037951902192
209.40146738152106
206.86280916486623
209.73459973897616
209.89750030128272
203.49791874212576
207.55360355161199
207.35645733241367
204.69774811819374
208.1165628409973
204.12234670465563
209.00678535498162
205.82663467441918
208.58955680670587
206.19320057564175
206.16674934076354
208.94906920616523
203.78520321067055
205.65517947521167
208.3499666699864
209.33002031014095
206.80857213322128
203.63530012934507
206.31795235402365
205.06883197333454
207.78429151508777
201.44699345326927
204.8294966647501
204.93069360038515
209.9250744864546
208.4399774223245
208.40286612460545
207.36004300595462
207.46498662855552
204.70713314579586
203.49391301251705
204.71112745582698
202.30946061460918
208.28158144709724
204.5130196429256
208.54393227801543
207.4011093205528
204.01667054338296
204.91822935672224
202.0512219703962
205.51505530440036
207.77270531480823
205.35610021277793
205.39434724063474
202.64966988497991
204.66863272092996
207.55831777208712
205.64794585365885
205.64240397174797
207.75886153240643
199.42089283922357
201.21092858138235
203.11770639151405
201.77489335992038
205.49443568320447
203.98703875577897
203.38079417128273
204.99591020641927
206.46400518942727
205.37823515444896
208.755718986644
202.25509693031404
